#! FIELDS time restraint.bias
 0.000000 0.000000
 0.200000 0.000000
 0.400000 0.000000
 0.600000 0.000000
 0.800000 0.000000
 1.000000 0.000000
 1.200000 0.298456
 1.400000 0.298997
 1.600000 0.298793
 1.800000 0.294651
 2.000000 0.299949
 2.200000 0.598658
 2.400000 0.584699
 2.600000 0.599875
 2.800000 0.595500
 3.000000 0.585881
 3.200000 0.885137
 3.400000 0.892777
 3.600000 0.894832
 3.800000 0.891604
 4.000000 0.894866
 4.200000 1.195098
 4.400000 1.192406
 4.600000 1.190654
 4.800000 1.174476
 5.000000 1.194465
 5.200000 1.494288
 5.400000 1.461696
 5.600000 1.487309
 5.800000 1.477245
 6.000000 1.488620
 6.200000 1.766916
 6.400000 1.779724
 6.600000 1.793876
 6.800000 1.782587
 7.000000 1.768380
 7.200000 2.046934
 7.400000 1.991761
 7.600000 2.088411
 7.800000 2.085417
 8.000000 2.089572
 8.200000 2.385206
 8.400000 2.338123
 8.600000 2.386420
 8.800000 2.372010
 9.000000 2.286649
 9.200000 2.655786
 9.400000 2.645149
 9.600000 2.677893
 9.800000 2.648578
 10.000000 2.649785
 10.200000 2.975416
 10.400000 2.960358
 10.600000 2.961043
 10.800000 2.974790
 11.000000 2.948370
 11.200000 3.252324
 11.400000 3.263773
 11.600000 3.267958
 11.800000 3.271345
 12.000000 3.272973
 12.200000 3.563061
 12.400000 3.572182
 12.600000 3.569792
 12.800000 3.556915
 13.000000 3.556785
 13.200000 3.856809
 13.400000 3.856705
 13.600000 3.856745
 13.800000 3.856824
 14.000000 3.856653
 14.200000 4.156661
 14.400000 4.156660
 14.600000 4.156777
 14.800000 4.156690
 15.000000 4.156815
 15.200000 4.456755
 15.400000 4.456871
 15.600000 4.456744
 15.800000 4.456651
 16.000000 4.456648
 16.200000 4.756647
 16.400000 4.756649
 16.600000 4.756646
 16.800000 4.756646
 17.000000 4.756647
 17.200000 5.056646
 17.400000 5.056656
 17.600000 5.056658
 17.800000 5.056674
 18.000000 5.056665
 18.200000 5.356658
 18.400000 5.356673
 18.600000 5.356660
 18.800000 5.356664
 19.000000 5.356649
 19.200000 5.656674
 19.400000 5.656754
 19.600000 5.656846
