#! FIELDS time q6.mean sigma_q6.mean height biasf
#! SET multivariate false
#! SET kerneltype gaussian
                      1     0.6082323936932706                    0.2                    0.3                     -1
                      2     0.6045291965184282                    0.2                    0.3                     -1
                      3     0.6499894697049937                    0.2                    0.3                     -1
                      4     0.6150337128684908                    0.2                    0.3                     -1
                      5     0.6125983224220397                    0.2                    0.3                     -1
                      6      0.636573717852764                    0.2                    0.3                     -1
                      7     0.6551110617541401                    0.2                    0.3                     -1
                      8     0.6310562773183206                    0.2                    0.3                     -1
                      9     0.6863749282350553                    0.2                    0.3                     -1
                     10     0.6035473551357591                    0.2                    0.3                     -1
                     11     0.6574291965396926                    0.2                    0.3                     -1
                     12       0.63193116336208                    0.2                    0.3                     -1
                     13     0.6518008418566212                    0.2                    0.3                     -1
                     14     0.6518792515522953                    0.2                    0.3                     -1
                     15     0.6517832662496541                    0.2                    0.3                     -1
                     16     0.6518821967847886                    0.2                    0.3                     -1
                     17     0.6518825830944925                    0.2                    0.3                     -1
                     18     0.6518719086252317                    0.2                    0.3                     -1
                     19      0.651881667110931                    0.2                    0.3                     -1
