#! FIELDS time phi psi sigma_phi sigma_psi height biasf
#! SET multivariate false
#! SET min_phi -pi
#! SET max_phi pi
#! SET min_psi -pi
#! SET max_psi pi
      1.000000047497451     -1.543003197226366      2.391090772699457                   0.35                   0.35                    1.2                     -1
      2.000000094994903     -1.554465235322153      2.519365438865167                   0.35                   0.35                    1.2                     -1
      3.000000142492354     -1.349570154605951      2.861534150991978                   0.35                   0.35                    1.2                     -1
      4.000000189989805     -1.412321474051444      2.979926509457941                   0.35                   0.35                    1.2                     -1
      5.000000237487257     -1.893056556054735       2.64666535288077                   0.35                   0.35                    1.2                     -1
      6.000000284984708     -1.583754144965035      2.985553576512603                   0.35                   0.35                    1.2                     -1
      7.000000332482159     -2.395630028034537      2.500634112494167                   0.35                   0.35                    1.2                     -1
       8.00000037997961     -2.267635196090134      2.866367169837952                   0.35                   0.35                    1.2                     -1
      9.000000427477062     -2.850842767908941      2.812716773502971                   0.35                   0.35                    1.2                     -1
      10.00000047497451     -2.651178004848338      2.831083872284038                   0.35                   0.35                    1.2                     -1
      11.00000052247196     -2.213093993184128      2.354619844763471                   0.35                   0.35                    1.2                     -1
      12.00000056996942     -2.606490457717807      2.055853014419694                   0.35                   0.35                    1.2                     -1
      13.00000061746687     -2.396980297013481     -3.039282747111258                   0.35                   0.35                    1.2                     -1
      14.00000066496432     -2.421088248979037      2.973299799567358                   0.35                   0.35                    1.2                     -1
      15.00000071246177     -1.749657225191656      2.888016118592403                   0.35                   0.35                    1.2                     -1
      16.00000075995922      -1.38620695430884      2.826761380750005                   0.35                   0.35                    1.2                     -1
      17.00000080745667     -1.184827155817271       1.86890934598803                   0.35                   0.35                    1.2                     -1
      18.00000085495412     -1.315896344773483      2.138653530924274                   0.35                   0.35                    1.2                     -1
      19.00000090245157    -0.8270280502948717        2.8266686895094                   0.35                   0.35                    1.2                     -1
      20.00000094994903     -1.118739953395201       2.72772122862656                   0.35                   0.35                    1.2                     -1
      21.00000099744648     -1.337935086739029      2.661776089099658                   0.35                   0.35                    1.2                     -1
      22.00000104494393     -0.896893719602486      1.951353204538606                   0.35                   0.35                    1.2                     -1
      23.00000109244138     -1.128362218962524      2.645585300722619                   0.35                   0.35                    1.2                     -1
      24.00000113993883    -0.9395213983532846      2.432101656470951                   0.35                   0.35                    1.2                     -1
      25.00000118743628    -0.6510295865757203      2.329176426747269                   0.35                   0.35                    1.2                     -1
      26.00000123493373     -1.870416816113782      2.721863040467991                   0.35                   0.35                    1.2                     -1
      27.00000128243119     -2.045246880619506      2.958242524294083                   0.35                   0.35                    1.2                     -1
      28.00000132992864     -2.438572412067912      2.569914268746651                   0.35                   0.35                    1.2                     -1
      29.00000137742609     -2.453414560653333      -2.81773498200498                   0.35                   0.35                    1.2                     -1
      30.00000142492354     -2.472350685915922      2.847195066438961                   0.35                   0.35                    1.2                     -1
      31.00000147242099     -2.899772584223975      2.794698167866525                   0.35                   0.35                    1.2                     -1
      32.00000151991844     -2.373986454186203      1.841659125169274                   0.35                   0.35                    1.2                     -1
      33.00000156741589     -2.379261218792304      2.305717152404865                   0.35                   0.35                    1.2                     -1
      34.00000161491334     -2.700328796083044      2.473413163296477                   0.35                   0.35                    1.2                     -1
       35.0000016624108     -2.556706904362447      2.176647797967734                   0.35                   0.35                    1.2                     -1
      36.00000170990825      -2.61025209433007      2.483674258497101                   0.35                   0.35                    1.2                     -1
       37.0000017574057     -2.516662634705204      1.904059761627414                   0.35                   0.35                    1.2                     -1
      38.00000180490315     -2.755440476600393       2.58068219390967                   0.35                   0.35                    1.2                     -1
       39.0000018524006     -1.218633492683415      2.469488109878051                   0.35                   0.35                    1.2                     -1
      40.00000189989805     -1.722851303132138     -2.866349855935954                   0.35                   0.35                    1.2                     -1
       41.0000019473955     -2.111791033951576      2.295115272428027                   0.35                   0.35                    1.2                     -1
      42.00000199489295     -1.457899671944816      1.057608424164757                   0.35                   0.35                    1.2                     -1
      43.00000204239041     -1.035272742080016      1.842309479657541                   0.35                   0.35                    1.2                     -1
      44.00000208988786     -1.026564929115904      2.151282687745509                   0.35                   0.35                    1.2                     -1
      45.00000213738531     -1.195293026181888       2.13179575762415                   0.35                   0.35                    1.2                     -1
      46.00000218488276     -1.514634537664165      3.072055611852086                   0.35                   0.35                    1.2                     -1
      47.00000223238021      -1.43159358102661      1.721921452219044                   0.35                   0.35                    1.2                     -1
      48.00000227987766      -1.82326030777316      2.467444174386184                   0.35                   0.35                    1.2                     -1
      49.00000232737511     -1.196676657243175      1.575651182600914                   0.35                   0.35                    1.2                     -1
      50.00000237487257     -1.545071485734509      1.011754401356189                   0.35                   0.35                    1.2                     -1
      51.00000242237002     -1.498491334500135     0.7132178078402003                   0.35                   0.35                    1.2                     -1
      52.00000246986747     -1.705462146139844     0.5630555969603082                   0.35                   0.35                    1.2                     -1
      53.00000251736492     -1.353334176584718     0.4475982026943486                   0.35                   0.35                    1.2                     -1
      54.00000256486237     -1.194143553645046     0.1246433076664815                   0.35                   0.35                    1.2                     -1
      55.00000261235982      -1.68267290424707   -0.05252867566125774                   0.35                   0.35                    1.2                     -1
      56.00000265985727     -1.304681351160144    -0.1445416664195114                   0.35                   0.35                    1.2                     -1
      57.00000270735472     -1.506152212868701    -0.6462354123771572                   0.35                   0.35                    1.2                     -1
      58.00000275485218     -1.472987289698227    -0.1658553677093821                   0.35                   0.35                    1.2                     -1
      59.00000280234963     -1.191461114500064    -0.3337814375681596                   0.35                   0.35                    1.2                     -1
      60.00000284984708     -2.768534911646976    -0.2188111538096291                   0.35                   0.35                    1.2                     -1
      61.00000289734453     -2.246710307268988     0.2496910327445541                   0.35                   0.35                    1.2                     -1
      62.00000294484198     -2.659901111366988    -0.3251277562082211                   0.35                   0.35                    1.2                     -1
      63.00000299233943     -2.507891082090632    -0.1444412967221931                   0.35                   0.35                    1.2                     -1
      64.00000303983688     -1.138120651178698    -0.9970343735989302                   0.35                   0.35                    1.2                     -1
      65.00000308733433     -1.796293298322188      -1.23542202049245                   0.35                   0.35                    1.2                     -1
      66.00000313483179     -1.076229022164369     -1.373598934960031                   0.35                   0.35                    1.2                     -1
      67.00000318232924     -1.421995888827688    -0.4343269599260497                   0.35                   0.35                    1.2                     -1
      68.00000322982669     -2.318829459159805     0.2081410697124406                   0.35                   0.35                    1.2                     -1
      69.00000327732414     -1.830596434339868    -0.3767035908304499                   0.35                   0.35                    1.2                     -1
      70.00000332482159     -1.901079423664553    -0.2151127141963811                   0.35                   0.35                    1.2                     -1
      71.00000337231904     -2.328215367987814     0.2797024338868379                   0.35                   0.35                    1.2                     -1
      72.00000341981649     -1.449764848630701    -0.5974046635061789                   0.35                   0.35                    1.2                     -1
      73.00000346731395     -1.578335174364319     -1.041941107032843                   0.35                   0.35                    1.2                     -1
       74.0000035148114      -1.79935249982396     -1.371151408862441                   0.35                   0.35                    1.2                     -1
      75.00000356230885     -2.436455195389215      -1.39942197392504                   0.35                   0.35                    1.2                     -1
       76.0000036098063     -2.552480969476814    -0.8343142486616011                   0.35                   0.35                    1.2                     -1
      77.00000365730375     -2.017799926663526    -0.2247958307928584                   0.35                   0.35                    1.2                     -1
       78.0000037048012     -2.354977160997037     0.5203907453418246                   0.35                   0.35                    1.2                     -1
      79.00000375229865     -1.442138668249052      0.864577984459995                   0.35                   0.35                    1.2                     -1
       80.0000037997961     -2.583340540244662     0.8364457318118763                   0.35                   0.35                    1.2                     -1
      81.00000384729356     -2.541248428269244      0.290754443604726                   0.35                   0.35                    1.2                     -1
      82.00000389479101     -2.090399581391178    -0.3453954547966305                   0.35                   0.35                    1.2                     -1
      83.00000394228846     -2.176378334828334    -0.6369555945346921                   0.35                   0.35                    1.2                     -1
      84.00000398978591     -2.866200665902662    -0.1964801079711318                   0.35                   0.35                    1.2                     -1
      85.00000403728336     -2.792938467799829    -0.5231844866267386                   0.35                   0.35                    1.2                     -1
      86.00000408478081     -2.278391208425418    -0.7793298990637205                   0.35                   0.35                    1.2                     -1
      87.00000413227826     -2.285528271645606     0.5859781684965295                   0.35                   0.35                    1.2                     -1
      88.00000417977571     -1.904555348837217      1.119839499103819                   0.35                   0.35                    1.2                     -1
      89.00000422727317     -2.544097665963216     0.7255501998798115                   0.35                   0.35                    1.2                     -1
      90.00000427477062     -2.732924766253539      2.050587134940034                   0.35                   0.35                    1.2                     -1
      91.00000432226807     -2.591805410919342      2.966805182488523                   0.35                   0.35                    1.2                     -1
      92.00000436976552     -2.599815782604547      2.976227788207605                   0.35                   0.35                    1.2                     -1
      93.00000441726297     -2.709490906100094     -2.923519604383576                   0.35                   0.35                    1.2                     -1
      94.00000446476042     -2.428025431659915      2.864842848294555                   0.35                   0.35                    1.2                     -1
      95.00000451225787     -2.716861480503924      3.111793636597375                   0.35                   0.35                    1.2                     -1
      96.00000455975533     -2.673895117912192     -2.862452229017273                   0.35                   0.35                    1.2                     -1
      97.00000460725278     -2.466763465402368     -2.396477940440188                   0.35                   0.35                    1.2                     -1
      98.00000465475023     -2.309373353390579     -2.338334619953133                   0.35                   0.35                    1.2                     -1
      99.00000470224768     -1.442132846046445     -1.474538129197095                   0.35                   0.35                    1.2                     -1
      100.0000047497451     -1.597263260553834    -0.3769060423800661                   0.35                   0.35                    1.2                     -1
      101.0000047972426    -0.6688641722653004    -0.5706737803428679                   0.35                   0.35                    1.2                     -1
        102.00000484474     -1.094023350861549     -0.810774172728308                   0.35                   0.35                    1.2                     -1
      103.0000048922375    -0.8560707629311421    -0.7609142393486463                   0.35                   0.35                    1.2                     -1
      104.0000049397349     -1.362623173848739    0.01373650149729944                   0.35                   0.35                    1.2                     -1
      105.0000049872324     -1.417817133066184    -0.3744184709254981                   0.35                   0.35                    1.2                     -1
      106.0000050347298     -1.873494945060476     0.1169455399065917                   0.35                   0.35                    1.2                     -1
      107.0000050822273     -1.124916262642915    -0.3159736758918896                   0.35                   0.35                    1.2                     -1
      108.0000051297247    -0.9671904858947884     0.1908769099689263                   0.35                   0.35                    1.2                     -1
      109.0000051772222    -0.9591196908683335    -0.4627066690159185                   0.35                   0.35                    1.2                     -1
      110.0000052247196     -1.455482223603478   -0.03716765694656354                   0.35                   0.35                    1.2                     -1
      111.0000052722171     -1.246205929797254    -0.6994440090400325                   0.35                   0.35                    1.2                     -1
      112.0000053197145    -0.8004936889971281    -0.5058785841378639                   0.35                   0.35                    1.2                     -1
       113.000005367212     -1.194264183051174    -0.7809830337008243                   0.35                   0.35                    1.2                     -1
      114.0000054147094     -2.016039032403247      1.622752971295278                   0.35                   0.35                    1.2                     -1
      115.0000054622069     -1.149516708902388     0.3415380806963375                   0.35                   0.35                    1.2                     -1
      116.0000055097044     -1.977608407968751      1.570486185781011                   0.35                   0.35                    1.2                     -1
      117.0000055572018     -0.659656401063867    -0.4990367387964718                   0.35                   0.35                    1.2                     -1
      118.0000056046993      0.650082052589358     -1.578755111296556                   0.35                   0.35                    1.2                     -1
      119.0000056521967       1.06665089565999     -1.833489351642199                   0.35                   0.35                    1.2                     -1
      120.0000056996942     0.7053325260193297     -2.734801752545855                   0.35                   0.35                    1.2                     -1
      121.0000057471916      1.073899260101946      -2.95089944920437                   0.35                   0.35                    1.2                     -1
      122.0000057946891      1.328874506162158      2.131191142522093                   0.35                   0.35                    1.2                     -1
      123.0000058421865      1.467571618288149      2.809614341274395                   0.35                   0.35                    1.2                     -1
       124.000005889684      1.019192673398112     -3.048487989796922                   0.35                   0.35                    1.2                     -1
      125.0000059371814      1.043604834478323      1.667889167260173                   0.35                   0.35                    1.2                     -1
      126.0000059846789      1.111468094325403      2.643008246879054                   0.35                   0.35                    1.2                     -1
      127.0000060321763     0.8425231116038709     -3.011230882642434                   0.35                   0.35                    1.2                     -1
      128.0000060796738      1.115483731018861      2.429207015858265                   0.35                   0.35                    1.2                     -1
      129.0000061271712      1.083187973636917      2.488298880169906                   0.35                   0.35                    1.2                     -1
      130.0000061746687     0.9455870439899865      3.044792348283083                   0.35                   0.35                    1.2                     -1
      131.0000062221661     0.6275960968368128     -2.494625030617233                   0.35                   0.35                    1.2                     -1
      132.0000062696636     0.9509857395619701     -2.760961673806757                   0.35                   0.35                    1.2                     -1
       133.000006317161     0.9940831744463363     -2.828468963091235                   0.35                   0.35                    1.2                     -1
      134.0000063646585     0.9056611193160364      2.648195851541825                   0.35                   0.35                    1.2                     -1
      135.0000064121559      1.038864080050087      2.455305258920916                   0.35                   0.35                    1.2                     -1
      136.0000064596534     0.9669064682095794      2.678804218290481                   0.35                   0.35                    1.2                     -1
      137.0000065071508     0.8163499353128074      2.877784994266972                   0.35                   0.35                    1.2                     -1
      138.0000065546483     0.7416700899507944     -3.036281357075512                   0.35                   0.35                    1.2                     -1
      139.0000066021457     0.8488255254749735      2.775731618027523                   0.35                   0.35                    1.2                     -1
      140.0000066496432     0.8102953018696288      1.166499711874595                   0.35                   0.35                    1.2                     -1
      141.0000066971406      1.022761051656818     0.3873664884526686                   0.35                   0.35                    1.2                     -1
      142.0000067446381     0.8549723497000539     0.7900844486895053                   0.35                   0.35                    1.2                     -1
      143.0000067921355     0.8987590058486994     0.7942845606825468                   0.35                   0.35                    1.2                     -1
       144.000006839633      1.002210984849317     0.4509429975581227                   0.35                   0.35                    1.2                     -1
      145.0000068871304      1.055436319012948       0.97210474823863                   0.35                   0.35                    1.2                     -1
      146.0000069346279     0.7581140241457645     0.5405982291187428                   0.35                   0.35                    1.2                     -1
      147.0000069821253     0.9721271121840172     0.3572271751472389                   0.35                   0.35                    1.2                     -1
      148.0000070296228     0.9393470978312717     0.2492723112904454                   0.35                   0.35                    1.2                     -1
      149.0000070771202     0.8518289834213206    -0.2141714614506762                   0.35                   0.35                    1.2                     -1
      150.0000071246177     0.9666587656564172   -0.05869325361076294                   0.35                   0.35                    1.2                     -1
      151.0000071721151      1.089655391921116    -0.7070549822999399                   0.35                   0.35                    1.2                     -1
      152.0000072196126     0.9144054266671615     -1.808004794650965                   0.35                   0.35                    1.2                     -1
        153.00000726711     0.6875971624946251      -1.57079133399398                   0.35                   0.35                    1.2                     -1
      154.0000073146075      1.154676446479384     -1.022175092476052                   0.35                   0.35                    1.2                     -1
       155.000007362105      1.119681602758408    -0.6448734546140065                   0.35                   0.35                    1.2                     -1
      156.0000074096024     0.9868388846699103    -0.4339104864785268                   0.35                   0.35                    1.2                     -1
      157.0000074570999      1.079355966086814      0.527739561303525                   0.35                   0.35                    1.2                     -1
      158.0000075045973      1.033828290845146  -0.009189233583999368                   0.35                   0.35                    1.2                     -1
      159.0000075520948     0.8537212073283449    -0.5298953607922985                   0.35                   0.35                    1.2                     -1
      160.0000075995922     0.6252452308506831    -0.2331399274194932                   0.35                   0.35                    1.2                     -1
      161.0000076470897      1.245972505003371    -0.5718038164051915                   0.35                   0.35                    1.2                     -1
      162.0000076945871      1.385532930025434    -0.5491471604519398                   0.35                   0.35                    1.2                     -1
      163.0000077420846      1.194506436456376    -0.2943951738511119                   0.35                   0.35                    1.2                     -1
       164.000007789582      1.166892965253569     -1.022307928328484                   0.35                   0.35                    1.2                     -1
      165.0000078370795     0.9904923387808502     0.5305365712007504                   0.35                   0.35                    1.2                     -1
      166.0000078845769     0.3558134608973305      1.366933991377574                   0.35                   0.35                    1.2                     -1
      167.0000079320744    -0.7594216992341631      2.223436168360719                   0.35                   0.35                    1.2                     -1
      168.0000079795718    -0.9305122715341336        2.5017989440272                   0.35                   0.35                    1.2                     -1
      169.0000080270693     -1.108416519287733     -3.074997257537365                   0.35                   0.35                    1.2                     -1
      170.0000080745667     -1.004565175749836      3.030459912833011                   0.35                   0.35                    1.2                     -1
      171.0000081220642     -1.598689025890183     -2.683389129184173                   0.35                   0.35                    1.2                     -1
      172.0000081695616     -1.425519344469026       3.12361044644208                   0.35                   0.35                    1.2                     -1
      173.0000082170591     -1.049083217657562      2.667851952407235                   0.35                   0.35                    1.2                     -1
      174.0000082645565      -1.00460702209844       2.60076275306181                   0.35                   0.35                    1.2                     -1
       175.000008312054     -0.734875335031353      2.160007905265662                   0.35                   0.35                    1.2                     -1
      176.0000083595514     -1.211828351405447      1.810808745983579                   0.35                   0.35                    1.2                     -1
      177.0000084070489     -1.385018847062887      1.327901331675803                   0.35                   0.35                    1.2                     -1
      178.0000084545463     -1.921160009086091       1.71270891226424                   0.35                   0.35                    1.2                     -1
      179.0000085020438     -1.640230009396834      1.487449405114633                   0.35                   0.35                    1.2                     -1
      180.0000085495412     -1.422559100225917      1.681167299708312                   0.35                   0.35                    1.2                     -1
      181.0000085970387     -2.278422283122036      1.383896172297458                   0.35                   0.35                    1.2                     -1
      182.0000086445361     -2.267598323320217      1.789619740640205                   0.35                   0.35                    1.2                     -1
      183.0000086920336     -2.747039199332133      1.228447883587815                   0.35                   0.35                    1.2                     -1
       184.000008739531     -2.888735255585649      2.307039916711522                   0.35                   0.35                    1.2                     -1
      185.0000087870285     -1.470365556199735      1.128845394372737                   0.35                   0.35                    1.2                     -1
      186.0000088345259     -2.282164409276075     0.8536782216861241                   0.35                   0.35                    1.2                     -1
      187.0000088820234      -1.96855463771645      1.286488612261152                   0.35                   0.35                    1.2                     -1
      188.0000089295208     -2.573954216356239      1.589948866529607                   0.35                   0.35                    1.2                     -1
      189.0000089770183     -2.020224328218778        2.1054404505375                   0.35                   0.35                    1.2                     -1
      190.0000090245157     -1.517548767949626        2.2447083550525                   0.35                   0.35                    1.2                     -1
      191.0000090720132     -1.970481750956398      2.421846458233995                   0.35                   0.35                    1.2                     -1
      192.0000091195107     -2.885698577330007      3.007994477135654                   0.35                   0.35                    1.2                     -1
      193.0000091670081     -2.703562927295983      2.660631659556538                   0.35                   0.35                    1.2                     -1
      194.0000092145056     -3.062483134587306      2.634170256288593                   0.35                   0.35                    1.2                     -1
       195.000009262003     -2.841805155143771      2.224994229552363                   0.35                   0.35                    1.2                     -1
      196.0000093095005     -2.423133136682085       -3.0654634592914                   0.35                   0.35                    1.2                     -1
      197.0000093569979     -2.295004283313724      1.348235809714148                   0.35                   0.35                    1.2                     -1
      198.0000094044954     -1.770805290860263      2.135432755738291                   0.35                   0.35                    1.2                     -1
      199.0000094519928     -1.777520634954068      2.159270241319801                   0.35                   0.35                    1.2                     -1
      200.0000094994903     -2.401144345900599      2.457615489933186                   0.35                   0.35                    1.2                     -1
